     0.4161595263D+02    -0.3700827111D+00     0.2426659800D+01
     0.4227165816D+02    -0.3130656389D+00     0.2183994520D+01
     0.4297631806D+02    -0.2848877480D+00     0.1963389720D+01
     0.4368027890D+02    -0.2235792731D+00     0.1762839901D+01
     0.4449573023D+02    -0.2058587707D+00     0.1580521884D+01
     0.4530086304D+02    -0.1769879987D+00     0.1414778233D+01
     0.4615219787D+02    -0.1663955297D+00     0.1264102186D+01
     0.4697540643D+02    -0.1500435546D+00     0.1127123962D+01
     0.4780533650D+02    -0.1281514656D+00     0.1002598303D+01
     0.4868870638D+02    -0.1029758933D+00     0.8893931589D+00
     0.4968810308D+02    -0.9464554661D-01     0.7864793915D+00
     0.5067661203D+02    -0.9488084701D-01     0.6929214212D+00
     0.5157302793D+02    -0.6719030062D-01     0.6078687208D+00
     0.5272379874D+02    -0.5844464691D-01     0.5305480842D+00
     0.5392650065D+02    -0.5098273046D-01     0.4602565963D+00
     0.5517989277D+02    -0.5118211261D-01     0.3963552436D+00
     0.5631490138D+02    -0.3697212391D-01     0.3382631049D+00
     0.5774330283D+02    -0.3241203334D-01     0.2854520697D+00
     0.5922454380D+02    -0.2291517339D-01     0.2374420377D+00
     0.6112919811D+02    -0.2224847270D-01     0.1937965540D+00
     0.6291258850D+02    -0.1539296437D-01     0.1541188416D+00
     0.6525590892D+02    -0.1241320743D-01     0.1180481939D+00
     0.6789757087D+02    -0.7743537034D-02     0.8525669608D-01
     0.7174729129D+02    -0.4473529053D-02     0.5544624348D-01
     0.7780524042D+02    -0.1586098087D-02     0.2834583202D-01
     0.9333816231D+02    -0.9999999975D-06     0.3709094330D-02
