     0.0000000000D+00    -0.2329854322D+00     0.1867703797D+01
     0.4513165908D+02    -0.2120444222D+00     0.1680934482D+01
     0.4593238888D+02    -0.1746994725D+00     0.1511144195D+01
     0.4681593366D+02    -0.1640073205D+00     0.1356789389D+01
     0.4767152078D+02    -0.1308089004D+00     0.1216466838D+01
     0.4864672931D+02    -0.1395105453D+00     0.1088900882D+01
     0.4947798583D+02    -0.1172874865D+00     0.9729318320D+00
     0.5037685758D+02    -0.9933489575D-01     0.8675054225D+00
     0.5134169668D+02    -0.1044872308D+00     0.7716632321D+00
     0.5217557143D+02    -0.7328205039D-01     0.6845339681D+00
     0.5325644214D+02    -0.6301713872D-01     0.6053255463D+00
     0.5439910996D+02    -0.6695158789D-01     0.5333178901D+00
     0.5537685384D+02    -0.4754354877D-01     0.4678563844D+00
     0.5662855804D+02    -0.5073248243D-01     0.4083459247D+00
     0.5769494421D+02    -0.3623723416D-01     0.3542455069D+00
     0.5905217247D+02    -0.3161274702D-01     0.3050633088D+00
     0.6046650983D+02    -0.2763659057D-01     0.2603522196D+00
     0.6193725726D+02    -0.2972946418D-01     0.2197057749D+00
     0.6318017618D+02    -0.1917145232D-01     0.1827544616D+00
     0.6493237014D+02    -0.1437326237D-01     0.1491623585D+00
     0.6705702874D+02    -0.1150608846D-01     0.1186240830D+00
     0.6946984425D+02    -0.9260538062D-02     0.9086201436D-01
     0.7219519823D+02    -0.6312474530D-02     0.6562377014D-01
     0.7582988352D+02    -0.3326187286D-02     0.4267991176D-01
     0.8210074300D+02    -0.1289507160D-02     0.2182185869D-01
     0.9680548216D+02    -0.9999999975D-06     0.2859992260D-02
