    -0.1189011123D+02    -0.1189011123D+02    -0.1189011123D+02    -0.1189011123D+02    -0.1189011123D+02    -0.1189011123D+02    -0.1189011123D+02    -0.1189011123D+02    -0.1189011123D+02    -0.1189011123D+02    -0.1189011123D+02
    -0.1189011123D+02    -0.1189011123D+02    -0.1189011123D+02    -0.1189011123D+02    -0.1189011123D+02    -0.1189011123D+02    -0.1189011123D+02    -0.1189011123D+02    -0.1189011123D+02    -0.1189011123D+02    -0.1189011123D+02
    -0.1189011123D+02    -0.1189011123D+02    -0.1189011123D+02    -0.1189011123D+02    -0.1189011123D+02    -0.1189011123D+02    -0.1189011123D+02    -0.1189011123D+02    -0.1189011123D+02    -0.1189011123D+02    -0.1189011123D+02
    -0.1189011123D+02    -0.1189011123D+02    -0.1189011123D+02    -0.1189011123D+02    -0.1189011123D+02    -0.1189011123D+02    -0.1189011123D+02    -0.1189011123D+02    -0.1189011123D+02    -0.1189011123D+02    -0.1189011123D+02
    -0.1189011123D+02    -0.1189011123D+02    -0.1189011123D+02    -0.1189011123D+02    -0.1189011123D+02    -0.1189011123D+02    -0.1189011123D+02    -0.1189011123D+02    -0.1189011123D+02    -0.1189011123D+02    -0.1189011123D+02
    -0.1189011123D+02    -0.1189011123D+02    -0.1189011123D+02    -0.1189011123D+02    -0.1189011123D+02    -0.1189011123D+02    -0.1189011123D+02    -0.1189011123D+02    -0.1189011123D+02    -0.1189011123D+02    -0.1189011123D+02
    -0.1189011123D+02    -0.1189011123D+02    -0.1189011123D+02    -0.1189011123D+02    -0.1189011123D+02    -0.1189011123D+02    -0.1189011123D+02    -0.1189011123D+02    -0.1189011123D+02    -0.1189011123D+02    -0.1189011123D+02
    -0.1189011123D+02    -0.1189011123D+02    -0.1189011123D+02    -0.1189011123D+02    -0.1189011123D+02    -0.1189011123D+02    -0.1189011123D+02    -0.1189011123D+02    -0.1189011123D+02    -0.1189011123D+02    -0.1189011123D+02
    -0.1189011123D+02    -0.1189011123D+02    -0.1189011123D+02    -0.1189011123D+02    -0.1189011123D+02    -0.1189011123D+02    -0.1189011123D+02    -0.1189011123D+02    -0.1189011123D+02    -0.1189011123D+02    -0.1189011123D+02
    -0.1189011123D+02    -0.1189011123D+02    -0.1189011123D+02    -0.1189011123D+02    -0.1189011123D+02    -0.1189011123D+02    -0.1189011123D+02    -0.1189011123D+02    -0.1189011123D+02    -0.1189011123D+02    -0.1189011123D+02
    -0.1189011123D+02    -0.1189011123D+02    -0.1189011123D+02    -0.1189011123D+02    -0.1189011123D+02    -0.1189011123D+02    -0.1189011123D+02    -0.1189011123D+02    -0.1189011123D+02    -0.1189011123D+02    -0.1189011123D+02
